0 0.2692307692307692 0.82421875 0.4326923076923077 0.34375
0 0.7043269230769231 0.822265625 0.4567307692307692 0.34765625
0 0.3581730769230769 0.5546875 0.42788461538461536 0.34375
0 0.7596153846153846 0.525390625 0.3557692307692308 0.29296875
0 0.16346153846153846 0.357421875 0.22115384615384615 0.23828125
0 0.43990384615384615 0.3359375 0.35096153846153844 0.234375
0 0.7740384615384616 0.31640625 0.3173076923076923 0.203125
0 0.25961538461538464 0.21875 0.27884615384615385 0.15625
0 0.5432692307692307 0.197265625 0.28846153846153844 0.18359375
0 0.8052884615384616 0.19140625 0.2548076923076923 0.125
0 0.12259615384615384 0.17578125 0.13942307692307693 0.140625
0 0.17548076923076922 0.099609375 0.1875 0.09765625
0 0.4375 0.0703125 0.19230769230769232 0.09375
0 0.8557692307692307 0.046875 0.15384615384615385 0.078125