0 0.6971153846153846 0.623046875 0.19230769230769232 0.15234375
0 0.5456730769230769 0.671875 0.1875 0.1328125
0 0.6105769230769231 0.7421875 0.19230769230769232 0.0703125
0 0.39663461538461536 0.732421875 0.21634615384615385 0.08984375
0 0.18269230769230768 0.724609375 0.19230769230769232 0.10546875
0 0.3557692307692308 0.669921875 0.20192307692307693 0.12890625
0 0.17307692307692307 0.642578125 0.18269230769230768 0.12109375
0 0.05048076923076923 0.7109375 0.10096153846153846 0.1015625
0 0.6298076923076923 0.541015625 0.16346153846153846 0.11328125
0 0.49759615384615385 0.595703125 0.1875 0.09765625
0 0.3245192307692308 0.57421875 0.16826923076923078 0.0859375
0 0.15865384615384615 0.56640625 0.16346153846153846 0.0859375
0 0.040865384615384616 0.62109375 0.08173076923076923 0.09375
0 0.040865384615384616 0.548828125 0.08173076923076923 0.07421875
0 0.4567307692307692 0.515625 0.16346153846153846 0.078125
0 0.30528846153846156 0.513671875 0.14903846153846154 0.08203125
0 0.14903846153846154 0.505859375 0.16346153846153846 0.08984375
0 0.040865384615384616 0.484375 0.08173076923076923 0.0703125
0 0.7307692307692307 0.48828125 0.14423076923076922 0.109375
0 0.7908653846153846 0.419921875 0.1201923076923077 0.10546875
0 0.5745192307692307 0.470703125 0.16826923076923078 0.09765625
0 0.41586538461538464 0.46484375 0.13942307692307693 0.09375
0 0.27163461538461536 0.455078125 0.14903846153846154 0.08203125
0 0.125 0.439453125 0.14423076923076922 0.07421875
0 0.2668269230769231 0.404296875 0.13942307692307693 0.04296875