0 0.07932692307692307 0.078125 0.11057692307692307 0.0859375
0 0.19230769230769232 0.08984375 0.11538461538461539 0.0859375
0 0.11298076923076923 0.01953125 0.11057692307692307 0.0390625
0 0.2283653846153846 0.021484375 0.11057692307692307 0.04296875
0 0.4567307692307692 0.03125 0.10576923076923077 0.0625
0 0.5697115384615384 0.033203125 0.11057692307692307 0.06640625
0 0.6875 0.03125 0.11538461538461539 0.0625
0 0.8149038461538461 0.08984375 0.11057692307692307 0.09375
0 0.6538461538461539 0.103515625 0.11538461538461539 0.09765625
0 0.5408653846153846 0.095703125 0.1201923076923077 0.09765625
0 0.42788461538461536 0.099609375 0.11538461538461539 0.09765625
0 0.3125 0.091796875 0.125 0.08984375
0 0.25 0.93359375 0.25961538461538464 0.125
0 0.5072115384615384 0.923828125 0.23557692307692307 0.14453125
0 0.7475961538461539 0.943359375 0.2548076923076923 0.10546875
0 0.8485576923076923 0.83984375 0.13942307692307693 0.25
0 0.6442307692307693 0.80859375 0.27884615384615385 0.234375
0 0.375 0.8046875 0.25 0.234375
0 0.12740384615384615 0.826171875 0.24519230769230768 0.23828125
0 0.07211538461538461 0.650390625 0.1346153846153846 0.14453125
0 0.2548076923076923 0.65625 0.22115384615384615 0.1640625
0 0.47115384615384615 0.654296875 0.21153846153846154 0.16796875
0 0.6947115384615384 0.650390625 0.21634615384615385 0.16015625
0 0.78125 0.5234375 0.1971153846153846 0.1328125
0 0.8605769230769231 0.640625 0.11538461538461539 0.1484375
0 0.5721153846153846 0.533203125 0.19230769230769232 0.13671875
0 0.3798076923076923 0.5546875 0.18269230769230768 0.1328125
0 0.18509615384615385 0.55078125 0.1875 0.1328125
0 0.7524038461538461 0.439453125 0.16826923076923078 0.12109375
0 0.5769230769230769 0.4296875 0.17307692307692307 0.109375
0 0.40384615384615385 0.443359375 0.16346153846153846 0.11328125
0 0.23557692307692307 0.4453125 0.16346153846153846 0.1171875
0 0.07932692307692307 0.447265625 0.14903846153846154 0.13671875
0 0.8076923076923077 0.3671875 0.16346153846153846 0.09375
0 0.6490384615384616 0.3671875 0.15384615384615385 0.1015625
0 0.49278846153846156 0.373046875 0.13942307692307693 0.10546875
0 0.35336538461538464 0.375 0.14903846153846154 0.1015625
0 0.19471153846153846 0.375 0.14903846153846154 0.1171875
0 0.06971153846153846 0.34765625 0.11057692307692307 0.078125
0 0.08413461538461539 0.158203125 0.1201923076923077 0.07421875
0 0.07932692307692307 0.2265625 0.12980769230769232 0.1015625
0 0.15384615384615385 0.298828125 0.1346153846153846 0.07421875
0 0.28846153846153844 0.310546875 0.1346153846153846 0.08984375
0 0.4206730769230769 0.306640625 0.12980769230769232 0.08984375
0 0.2283653846153846 0.171875 0.11057692307692307 0.0703125
0 0.20673076923076922 0.23046875 0.125 0.1015625
0 0.34375 0.162109375 0.11057692307692307 0.07421875
0 0.34375 0.23828125 0.13942307692307693 0.109375
0 0.49278846153846156 0.23828125 0.1201923076923077 0.1015625
0 0.5600961538461539 0.314453125 0.12980769230769232 0.08984375
0 0.6466346153846154 0.2578125 0.1201923076923077 0.0859375
0 0.7716346153846154 0.263671875 0.11057692307692307 0.09765625
0 0.8197115384615384 0.17578125 0.1201923076923077 0.0859375
0 0.7019230769230769 0.1796875 0.11538461538461539 0.0859375
0 0.5817307692307693 0.185546875 0.11538461538461539 0.09765625
0 0.4543269230769231 0.17578125 0.10096153846153846 0.078125