0 0.17307692307692307 0.615234375 0.27884615384615385 0.19140625
0 0.5336538461538461 0.748046875 0.25 0.20703125
0 0.7524038461538461 0.677734375 0.22596153846153846 0.19140625
0 0.30528846153846156 0.361328125 0.21634615384615385 0.18359375
0 0.4519230769230769 0.240234375 0.23076923076923078 0.16015625
0 0.5336538461538461 0.38671875 0.20192307692307693 0.1796875
0 0.6947115384615384 0.28515625 0.23557692307692307 0.1875
0 0.8269230769230769 0.248046875 0.19230769230769232 0.16796875
0 0.7932692307692307 0.443359375 0.19230769230769232 0.13671875
0 0.4206730769230769 0.54296875 0.24519230769230768 0.1640625
0 0.6586538461538461 0.548828125 0.22115384615384615 0.14453125