0 0.07451923076923077 0.42578125 0.14903846153846154 0.109375
0 0.25240384615384615 0.474609375 0.15865384615384615 0.12890625
0 0.21875 0.376953125 0.15865384615384615 0.11328125
0 0.18028846153846154 0.287109375 0.14903846153846154 0.11328125
0 0.2860576923076923 0.1875 0.13942307692307693 0.1015625
0 0.33413461538461536 0.2578125 0.14903846153846154 0.1171875
0 0.375 0.33984375 0.14423076923076922 0.125
0 0.41346153846153844 0.427734375 0.16346153846153846 0.12890625
0 0.45913461538461536 0.53125 0.15865384615384615 0.125
0 0.47115384615384615 0.224609375 0.14423076923076922 0.11328125
0 0.5168269230769231 0.3046875 0.14903846153846154 0.109375
0 0.5504807692307693 0.39453125 0.14903846153846154 0.125
0 0.6009615384615384 0.484375 0.16346153846153846 0.1328125
0 0.6754807692307693 0.587890625 0.16826923076923078 0.13671875
0 0.6442307692307693 0.271484375 0.14423076923076922 0.12109375
0 0.6947115384615384 0.3515625 0.13942307692307693 0.125
0 0.8293269230769231 0.3203125 0.13942307692307693 0.1171875
0 0.8870192307692307 0.41015625 0.13942307692307693 0.1328125
0 0.7548076923076923 0.44140625 0.15384615384615385 0.1328125
0 0.8341346153846154 0.546875 0.16826923076923078 0.1328125