0 0.1201923076923077 0.685546875 0.2403846153846154 0.20703125
0 0.4014423076923077 0.681640625 0.2548076923076923 0.21484375
0 0.25240384615384615 0.783203125 0.23557692307692307 0.08203125
0 0.5288461538461539 0.779296875 0.23076923076923078 0.08984375
0 0.6850961538461539 0.67578125 0.23557692307692307 0.2109375
0 0.84375 0.77734375 0.2548076923076923 0.09375
0 0.9110576923076923 0.6640625 0.16826923076923078 0.2109375
0 0.8004807692307693 0.51953125 0.23557692307692307 0.1796875
0 0.5336538461538461 0.5234375 0.22115384615384615 0.1796875
0 0.25721153846153844 0.509765625 0.23557692307692307 0.19140625
0 0.11778846153846154 0.357421875 0.23557692307692307 0.17578125
0 0.3918269230769231 0.37109375 0.20673076923076922 0.1640625
0 0.8942307692307693 0.357421875 0.20192307692307693 0.17578125
0 0.6682692307692307 0.35546875 0.2403846153846154 0.1875
0 0.7596153846153846 0.212890625 0.21153846153846154 0.18359375
0 0.9495192307692307 0.19921875 0.09134615384615384 0.1484375
0 0.5264423076923077 0.228515625 0.21634615384615385 0.18359375
0 0.2980769230769231 0.23828125 0.21153846153846154 0.1796875
0 0.0985576923076923 0.185546875 0.1971153846153846 0.17578125
0 0.6514423076923077 0.146484375 0.21634615384615385 0.09765625