0 0.0889423076923077 0.7109375 0.1778846153846154 0.1875
0 0.17067307692307693 0.84765625 0.13942307692307693 0.15625
0 0.5288461538461539 0.7265625 0.2403846153846154 0.203125
0 0.35096153846153844 0.818359375 0.23076923076923078 0.19140625
0 0.27884615384615385 0.697265625 0.19230769230769232 0.16796875
0 0.6850961538461539 0.8671875 0.22596153846153846 0.1171875
0 0.7379807692307693 0.70703125 0.23557692307692307 0.1875
0 0.8870192307692307 0.83984375 0.21634615384615385 0.171875
0 0.14903846153846154 0.55078125 0.21153846153846154 0.1875
0 0.39903846153846156 0.546875 0.2980769230769231 0.2421875
0 0.6586538461538461 0.53515625 0.23076923076923078 0.203125
0 0.8798076923076923 0.5703125 0.23076923076923078 0.1953125
0 0.7644230769230769 0.337890625 0.2692307692307692 0.23046875
0 0.49278846153846156 0.32421875 0.28365384615384615 0.25
0 0.25721153846153844 0.26953125 0.21634615384615385 0.1953125
0 0.23557692307692307 0.419921875 0.21153846153846154 0.15234375
0 0.7620192307692307 0.146484375 0.2644230769230769 0.16796875
0 0.9302884615384616 0.35546875 0.12980769230769232 0.2265625
0 0.37259615384615385 0.15625 0.20673076923076922 0.15625
0 0.5625 0.203125 0.19230769230769232 0.1484375
0 0.90625 0.19140625 0.14903846153846154 0.1328125