0 0.19471153846153846 0.078125 0.2932692307692308 0.15625
0 0.34375 0.224609375 0.30288461538461536 0.24609375
0 0.17067307692307693 0.388671875 0.2548076923076923 0.23828125
0 0.2956730769230769 0.564453125 0.28365384615384615 0.20703125
0 0.23076923076923078 0.73828125 0.3173076923076923 0.25
0 0.09615384615384616 0.892578125 0.09615384615384616 0.20703125
0 0.31009615384615385 0.92578125 0.30288461538461536 0.140625
0 0.6442307692307693 0.08203125 0.2980769230769231 0.1640625
0 0.625 0.26171875 0.27884615384615385 0.2265625
0 0.46875 0.423828125 0.28365384615384615 0.19921875
0 0.5913461538461539 0.6015625 0.2980769230769231 0.234375
0 0.5264423076923077 0.78515625 0.28365384615384615 0.2421875
0 0.7860576923076923 0.193359375 0.14903846153846154 0.19140625
0 0.78125 0.392578125 0.15865384615384615 0.22265625
0 0.7115384615384616 0.908203125 0.2980769230769231 0.17578125