0 0.04807692307692308 0.609375 0.09615384615384616 0.1640625
0 0.04807692307692308 0.75390625 0.09615384615384616 0.140625
0 0.08413461538461539 0.4296875 0.16826923076923078 0.1484375
0 0.15865384615384615 0.544921875 0.18269230769230768 0.13671875
0 0.20673076923076922 0.66796875 0.21153846153846154 0.171875
0 0.41346153846153844 0.71484375 0.20192307692307693 0.1640625
0 0.6370192307692307 0.697265625 0.20673076923076922 0.16015625
0 0.7355769230769231 0.779296875 0.21153846153846154 0.08984375
0 0.9230769230769231 0.646484375 0.14423076923076922 0.16015625
0 0.44471153846153844 0.59765625 0.1875 0.140625
0 0.3269230769230769 0.447265625 0.17307692307692307 0.12890625
0 0.6322115384615384 0.599609375 0.1778846153846154 0.11328125
0 0.7932692307692307 0.5625 0.18269230769230768 0.1484375
0 0.9519230769230769 0.505859375 0.08653846153846154 0.12890625
0 0.8293269230769231 0.4921875 0.16826923076923078 0.1171875
0 0.5264423076923077 0.5078125 0.1778846153846154 0.125
0 0.6394230769230769 0.486328125 0.14423076923076922 0.11328125
0 0.23798076923076922 0.359375 0.1875 0.140625
0 0.19230769230769232 0.244140625 0.15384615384615385 0.10546875
0 0.59375 0.373046875 0.16826923076923078 0.13671875
0 0.9158653846153846 0.416015625 0.15865384615384615 0.11328125
0 0.5192307692307693 0.3359375 0.14423076923076922 0.1171875
0 0.040865384615384616 0.2421875 0.08173076923076923 0.1171875
0 0.3389423076923077 0.27734375 0.13942307692307693 0.1171875
0 0.43509615384615385 0.3046875 0.14903846153846154 0.1171875
0 0.75 0.423828125 0.16346153846153846 0.12890625
0 0.7427884615384616 0.3203125 0.14903846153846154 0.125
0 0.40384615384615385 0.20703125 0.14423076923076922 0.0859375
0 0.71875 0.228515625 0.13942307692307693 0.09765625
0 0.9134615384615384 0.330078125 0.14423076923076922 0.10546875
0 0.9134615384615384 0.263671875 0.14423076923076922 0.08203125
0 0.5625 0.2109375 0.14423076923076922 0.0859375
0 0.5961538461538461 0.271484375 0.1346153846153846 0.08984375
0 0.8653846153846154 0.21484375 0.14423076923076922 0.109375