0 0.16826923076923078 0.103515625 0.1346153846153846 0.20703125
0 0.2980769230769231 0.12890625 0.28846153846153844 0.2265625
0 0.5288461538461539 0.076171875 0.28846153846153844 0.15234375
0 0.7740384615384616 0.083984375 0.2403846153846154 0.16796875
0 0.7331730769230769 0.166015625 0.28365384615384615 0.22265625
0 0.46875 0.255859375 0.28365384615384615 0.22265625
0 0.75 0.376953125 0.28846153846153844 0.26171875
0 0.25961538461538464 0.408203125 0.3173076923076923 0.25390625
0 0.4855769230769231 0.4921875 0.36538461538461536 0.2890625
0 0.7379807692307693 0.666015625 0.3125 0.28515625
0 0.2620192307692308 0.66015625 0.2644230769230769 0.2421875
0 0.49038461538461536 0.83203125 0.38461538461538464 0.21875
0 0.3125 0.853515625 0.25961538461538464 0.16015625
0 0.7908653846153846 0.86328125 0.20673076923076922 0.15625