0 0.96875 0.482421875 0.052884615384615384 0.04296875
0 0.9615384615384616 0.634765625 0.04807692307692308 0.02734375
0 0.4855769230769231 0.392578125 0.0673076923076923 0.05078125
0 0.4206730769230769 0.392578125 0.0625 0.05078125
0 0.8221153846153846 0.455078125 0.028846153846153848 0.02734375
0 0.8774038461538461 0.599609375 0.03365384615384615 0.02734375
0 0.8605769230769231 0.623046875 0.038461538461538464 0.02734375
0 0.6634615384615384 0.666015625 0.057692307692307696 0.05078125
0 0.8677884615384616 0.431640625 0.03365384615384615 0.02734375
0 0.6322115384615384 0.703125 0.04326923076923077 0.046875
0 0.04567307692307692 0.65625 0.07211538461538461 0.0546875
0 0.28846153846153844 0.73046875 0.0673076923076923 0.0546875
0 0.20192307692307693 0.654296875 0.07692307692307693 0.06640625
0 0.28365384615384615 0.666015625 0.0673076923076923 0.06640625
0 0.40865384615384615 0.66796875 0.0673076923076923 0.0546875
0 0.44471153846153844 0.64453125 0.0625 0.046875
0 0.36538461538461536 0.517578125 0.0673076923076923 0.05859375
0 0.27884615384615385 0.4375 0.057692307692307696 0.046875
0 0.3293269230769231 0.41796875 0.0625 0.046875
0 0.4519230769230769 0.451171875 0.04807692307692308 0.04296875
0 0.4110576923076923 0.439453125 0.0625 0.04296875