0 0.125 0.720703125 0.25 0.16015625
0 0.14182692307692307 0.517578125 0.27403846153846156 0.21484375
0 0.30288461538461536 0.3828125 0.2692307692307692 0.21875
0 0.13701923076923078 0.322265625 0.21634615384615385 0.18359375
0 0.36778846153846156 0.6796875 0.2644230769230769 0.21875
0 0.6057692307692307 0.71484375 0.27884615384615385 0.171875
0 0.5120192307692307 0.5390625 0.2932692307692308 0.2265625
0 0.35096153846153844 0.248046875 0.23076923076923078 0.11328125
0 0.5649038461538461 0.328125 0.3125 0.234375
0 0.7692307692307693 0.470703125 0.25961538461538464 0.22265625
0 0.8774038461538461 0.671875 0.23557692307692307 0.25
0 0.8774038461538461 0.298828125 0.23557692307692307 0.21484375