0 0.29086538461538464 0.515625 0.1201923076923077 0.09375
0 0.7644230769230769 0.650390625 0.16346153846153846 0.14453125
0 0.27403846153846156 0.638671875 0.125 0.08984375
0 0.2403846153846154 0.72265625 0.125 0.078125
0 0.3557692307692308 0.6953125 0.125 0.09375
0 0.5721153846153846 0.6171875 0.14423076923076922 0.109375
0 0.7139423076923077 0.537109375 0.13942307692307693 0.11328125
0 0.4735576923076923 0.701171875 0.11057692307692307 0.05859375
0 0.6490384615384616 0.6953125 0.14423076923076922 0.1015625
0 0.4567307692307692 0.638671875 0.10576923076923077 0.08984375
0 0.5865384615384616 0.5390625 0.125 0.1015625
0 0.3918269230769231 0.5625 0.13942307692307693 0.109375
0 0.31490384615384615 0.6015625 0.11057692307692307 0.0859375
0 0.41586538461538464 0.443359375 0.11057692307692307 0.08984375
0 0.4567307692307692 0.482421875 0.125 0.08984375
0 0.6057692307692307 0.455078125 0.1346153846153846 0.08984375
0 0.6105769230769231 0.365234375 0.11538461538461539 0.09765625
0 0.49278846153846156 0.376953125 0.09134615384615384 0.07421875
0 0.7427884615384616 0.380859375 0.10096153846153846 0.08203125
0 0.3870192307692308 0.3828125 0.11057692307692307 0.078125