0 0.08653846153846154 0.76171875 0.17307692307692307 0.1875
0 0.10576923076923077 0.64453125 0.21153846153846154 0.1640625
0 0.18509615384615385 0.451171875 0.1778846153846154 0.15234375
0 0.20673076923076922 0.841796875 0.19230769230769232 0.10546875
0 0.39663461538461536 0.755859375 0.28365384615384615 0.21484375
0 0.6177884615384616 0.826171875 0.27403846153846156 0.15234375
0 0.8245192307692307 0.701171875 0.28365384615384615 0.20703125
0 0.3629807692307692 0.619140625 0.24519230769230768 0.15234375
0 0.5985576923076923 0.673828125 0.24519230769230768 0.19140625
0 0.7644230769230769 0.515625 0.17307692307692307 0.1328125
0 0.4543269230769231 0.515625 0.1971153846153846 0.15625
0 0.21634615384615385 0.58984375 0.16346153846153846 0.1328125
0 0.31009615384615385 0.5234375 0.13942307692307693 0.109375
0 0.625 0.564453125 0.19230769230769232 0.10546875