0 0.09134615384615384 0.810546875 0.18269230769230768 0.16796875
0 0.11057692307692307 0.59765625 0.22115384615384615 0.2109375
0 0.12259615384615384 0.365234375 0.24519230769230768 0.21484375
0 0.30528846153846156 0.71875 0.30288461538461536 0.2578125
0 0.5985576923076923 0.81640625 0.3317307692307692 0.15625
0 0.8557692307692307 0.748046875 0.27884615384615385 0.26171875
0 0.5769230769230769 0.591796875 0.2980769230769231 0.26171875
0 0.3245192307692308 0.482421875 0.2644230769230769 0.21484375
0 0.8293269230769231 0.478515625 0.2932692307692308 0.23046875
0 0.5576923076923077 0.3671875 0.2692307692307692 0.203125
0 0.31009615384615385 0.283203125 0.22596153846153846 0.19140625
0 0.5360576923076923 0.189453125 0.24519230769230768 0.16796875
0 0.7596153846153846 0.26171875 0.25961538461538464 0.2109375
0 0.9206730769230769 0.185546875 0.14903846153846154 0.18359375
0 0.31971153846153844 0.142578125 0.22596153846153846 0.10546875
0 0.125 0.189453125 0.22115384615384615 0.16796875