0 0.18028846153846154 0.22265625 0.1201923076923077 0.09375
0 0.27403846153846156 0.228515625 0.08653846153846154 0.08984375
0 0.3942307692307692 0.14453125 0.10576923076923077 0.0859375
0 0.24278846153846154 0.46875 0.10096153846153846 0.09375
0 0.07211538461538461 0.603515625 0.09615384615384616 0.09765625
0 0.21634615384615385 0.66796875 0.10576923076923077 0.0859375
0 0.2283653846153846 0.7890625 0.11057692307692307 0.09375
0 0.6586538461538461 0.279296875 0.11538461538461539 0.10546875
0 0.4326923076923077 0.650390625 0.0673076923076923 0.05078125
0 0.4495192307692308 0.703125 0.052884615384615384 0.046875
0 0.8485576923076923 0.5703125 0.10096153846153846 0.078125
0 0.9158653846153846 0.52734375 0.09134615384615384 0.0703125