0 0.21875 0.091796875 0.14903846153846154 0.09765625
0 0.25961538461538464 0.212890625 0.15384615384615385 0.11328125
0 0.125 0.251953125 0.15384615384615385 0.11328125
0 0.24278846153846154 0.8671875 0.1971153846153846 0.1640625
0 0.21153846153846154 0.572265625 0.15384615384615385 0.12890625
0 0.7620192307692307 0.81640625 0.12980769230769232 0.109375
0 0.4495192307692308 0.318359375 0.13942307692307693 0.11328125
0 0.5168269230769231 0.40234375 0.14903846153846154 0.109375
0 0.3701923076923077 0.390625 0.14423076923076922 0.1171875
0 0.39663461538461536 0.111328125 0.11057692307692307 0.10546875
0 0.3125 0.3046875 0.125 0.0859375
0 0.53125 0.732421875 0.11057692307692307 0.12890625
0 0.8173076923076923 0.568359375 0.11538461538461539 0.07421875
0 0.7620192307692307 0.63671875 0.11057692307692307 0.0859375