0 0.30528846153846156 0.392578125 0.13942307692307693 0.11328125
0 0.13701923076923078 0.48828125 0.15865384615384615 0.109375
0 0.2283653846153846 0.453125 0.1201923076923077 0.0859375
0 0.2548076923076923 0.54296875 0.16346153846153846 0.0859375
0 0.5264423076923077 0.40625 0.13942307692307693 0.1015625
0 0.6225961538461539 0.48828125 0.14903846153846154 0.109375
0 0.39663461538461536 0.439453125 0.12980769230769232 0.06640625
0 0.375 0.501953125 0.15384615384615385 0.09765625
0 0.5072115384615384 0.484375 0.10096153846153846 0.0625
0 0.5144230769230769 0.55078125 0.14423076923076922 0.0625
0 0.3870192307692308 0.560546875 0.11057692307692307 0.05859375