0 0.6947115384615384 0.3359375 0.08173076923076923 0.0703125
0 0.5072115384615384 0.24609375 0.08173076923076923 0.0625
0 0.3557692307692308 0.298828125 0.08653846153846154 0.05859375
0 0.4206730769230769 0.3046875 0.0625 0.0546875
0 0.39903846153846156 0.478515625 0.0673076923076923 0.05078125
0 0.27884615384615385 0.5703125 0.0673076923076923 0.0625
0 0.38221153846153844 0.6171875 0.07211538461538461 0.0703125
0 0.3894230769230769 0.701171875 0.07692307692307693 0.06640625
0 0.9711538461538461 0.431640625 0.04807692307692308 0.05859375
0 0.5336538461538461 0.6015625 0.038461538461538464 0.03125
0 0.5456730769230769 0.640625 0.04326923076923077 0.03125
0 0.6802884615384616 0.4140625 0.07211538461538461 0.0546875
0 0.8798076923076923 0.51953125 0.0673076923076923 0.0546875
0 0.8293269230769231 0.544921875 0.0625 0.05078125
0 0.6586538461538461 0.46484375 0.0673076923076923 0.0390625