0 0.11778846153846154 0.2265625 0.23557692307692307 0.1953125
0 0.10576923076923077 0.4296875 0.21153846153846154 0.203125
0 0.0889423076923077 0.650390625 0.1778846153846154 0.20703125
0 0.0625 0.84765625 0.125 0.1640625
0 0.3269230769230769 0.15234375 0.25 0.171875
0 0.30528846153846156 0.345703125 0.24519230769230768 0.19921875
0 0.28125 0.552734375 0.24519230769230768 0.20703125
0 0.23317307692307693 0.78125 0.2644230769230769 0.1953125
0 0.5192307692307693 0.255859375 0.25 0.19140625
0 0.4951923076923077 0.462890625 0.2403846153846154 0.19140625
0 0.46634615384615385 0.6875 0.2692307692307692 0.203125
0 0.44471153846153844 0.8671875 0.2644230769230769 0.125
0 0.7379807692307693 0.166015625 0.2644230769230769 0.19140625
0 0.8990384615384616 0.279296875 0.19230769230769232 0.19140625
0 0.9086538461538461 0.123046875 0.17307692307692307 0.12109375
0 0.7139423076923077 0.375 0.27403846153846156 0.203125
0 0.8966346153846154 0.50390625 0.1971153846153846 0.1953125
0 0.6850961538461539 0.58984375 0.2644230769230769 0.2109375
0 0.6850961538461539 0.8125 0.27403846153846156 0.1953125
0 0.8870192307692307 0.71875 0.21634615384615385 0.2109375