0 0.1658653846153846 0.294921875 0.16826923076923078 0.14453125
0 0.36538461538461536 0.310546875 0.17307692307692307 0.12890625
0 0.5480769230769231 0.314453125 0.14423076923076922 0.12109375
0 0.7259615384615384 0.306640625 0.14423076923076922 0.13671875
0 0.8966346153846154 0.3125 0.14903846153846154 0.1171875
0 0.12259615384615384 0.48828125 0.16826923076923078 0.140625
0 0.3269230769230769 0.486328125 0.17307692307692307 0.16015625
0 0.5288461538461539 0.490234375 0.18269230769230768 0.14453125
0 0.7283653846153846 0.48046875 0.1778846153846154 0.15625
0 0.9206730769230769 0.5078125 0.14903846153846154 0.125
0 0.15144230769230768 0.671875 0.1778846153846154 0.140625
0 0.34134615384615385 0.689453125 0.1346153846153846 0.10546875
0 0.5288461538461539 0.6796875 0.16346153846153846 0.1328125
0 0.7283653846153846 0.6875 0.13942307692307693 0.109375
0 0.9134615384615384 0.6875 0.16346153846153846 0.125