0 0.8581730769230769 0.349609375 0.24519230769230768 0.21484375
0 0.4951923076923077 0.267578125 0.21153846153846154 0.09765625
0 0.6177884615384616 0.369140625 0.20673076923076922 0.17578125
0 0.8774038461538461 0.630859375 0.23557692307692307 0.19921875
0 0.7524038461538461 0.4921875 0.22596153846153846 0.1875
0 0.06009615384615385 0.318359375 0.1201923076923077 0.11328125
0 0.18990384615384615 0.30078125 0.14903846153846154 0.1328125
0 0.31490384615384615 0.28125 0.15865384615384615 0.109375
0 0.4254807692307692 0.37890625 0.1971153846153846 0.1484375
0 0.2620192307692308 0.396484375 0.13942307692307693 0.10546875
0 0.125 0.412109375 0.125 0.11328125
0 0.06971153846153846 0.501953125 0.12980769230769232 0.11328125
0 0.19230769230769232 0.5078125 0.1346153846153846 0.1015625
0 0.3485576923076923 0.5 0.16826923076923078 0.125
0 0.53125 0.49609375 0.1875 0.140625
0 0.6370192307692307 0.62109375 0.20673076923076922 0.171875
0 0.4423076923076923 0.609375 0.19230769230769232 0.140625
0 0.28125 0.603515625 0.14903846153846154 0.12890625
0 0.1466346153846154 0.599609375 0.12980769230769232 0.11328125
0 0.09615384615384616 0.6875 0.1346153846153846 0.125
0 0.2283653846153846 0.7109375 0.13942307692307693 0.109375
0 0.36538461538461536 0.71875 0.14423076923076922 0.1015625
0 0.5384615384615384 0.71875 0.18269230769230768 0.1015625
0 0.7644230769230769 0.716796875 0.25 0.10546875