0 0.8894230769230769 0.630859375 0.21153846153846154 0.14453125
0 0.06971153846153846 0.69140625 0.13942307692307693 0.140625
0 0.12980769230769232 0.580078125 0.18269230769230768 0.13671875
0 0.052884615384615384 0.474609375 0.10576923076923077 0.12890625
0 0.2620192307692308 0.685546875 0.1971153846153846 0.15234375
0 0.08653846153846154 0.37890625 0.17307692307692307 0.1171875
0 0.20192307692307693 0.455078125 0.16346153846153846 0.12109375
0 0.15625 0.291015625 0.13942307692307693 0.10546875
0 0.2644230769230769 0.365234375 0.14423076923076922 0.10546875
0 0.31009615384615385 0.294921875 0.12980769230769232 0.11328125
0 0.375 0.44921875 0.14423076923076922 0.1328125
0 0.3293269230769231 0.568359375 0.16826923076923078 0.14453125
0 0.42788461538461536 0.357421875 0.1346153846153846 0.12109375
0 0.5456730769230769 0.435546875 0.15865384615384615 0.12890625
0 0.5168269230769231 0.544921875 0.16826923076923078 0.13671875
0 0.47596153846153844 0.67578125 0.19230769230769232 0.140625
0 0.4110576923076923 0.255859375 0.12980769230769232 0.05859375
0 0.5360576923076923 0.29296875 0.12980769230769232 0.1015625
0 0.7043269230769231 0.53125 0.1778846153846154 0.125
0 0.6826923076923077 0.650390625 0.19230769230769232 0.15234375
0 0.6730769230769231 0.353515625 0.16346153846153846 0.12109375
0 0.6971153846153846 0.26953125 0.15384615384615385 0.078125
0 0.8197115384615384 0.435546875 0.16826923076923078 0.12890625
0 0.8341346153846154 0.33984375 0.13942307692307693 0.09375
0 0.8317307692307693 0.26171875 0.125 0.0625
0 0.9519230769230769 0.251953125 0.08653846153846154 0.05859375
0 0.9519230769230769 0.326171875 0.08653846153846154 0.08203125
0 0.9519230769230769 0.431640625 0.08653846153846154 0.12109375