2 0.06810344827586207 0.175 0.13620689655172413 0.22586206896551725
2 0.06293103448275862 0.49137931034482757 0.12586206896551724 0.2206896551724138
2 0.06896551724137931 0.8060344827586207 0.13793103448275862 0.23620689655172414
2 0.18362068965517242 0.3112068965517241 0.20862068965517241 0.22241379310344828
2 0.17586206896551723 0.6405172413793103 0.24482758620689654 0.2396551724137931
2 0.31810344827586207 0.13706896551724138 0.22241379310344828 0.22586206896551725
2 0.32155172413793104 0.4689655172413793 0.22586206896551725 0.23793103448275862
2 0.3310344827586207 0.8310344827586207 0.22758620689655173 0.23793103448275862
2 0.4706896551724138 0.6637931034482759 0.23103448275862068 0.22758620689655173
2 0.6163793103448276 0.8396551724137931 0.2189655172413793 0.24482758620689654
2 0.4706896551724138 0.3 0.22758620689655173 0.23103448275862068
2 0.6206896551724138 0.12931034482758622 0.22758620689655173 0.2517241379310345
2 0.6 0.4844827586206897 0.22758620689655173 0.23793103448275862
2 0.7672413793103449 0.30948275862068964 0.23793103448275862 0.24310344827586206
2 0.7732758620689655 0.6405172413793103 0.2396551724137931 0.253448275862069
2 0.9060344827586206 0.1413793103448276 0.18448275862068966 0.2482758620689655
2 0.9198275862068965 0.4482758620689655 0.15689655172413794 0.2517241379310345
2 0.9137931034482759 0.8017241379310345 0.16896551724137931 0.25862068965517243