2 0.14027777777777778 0.7306034482758621 0.20555555555555555 0.3103448275862069
2 0.14097222222222222 0.41810344827586204 0.2125 0.3146551724137931
2 0.1527777777777778 0.14439655172413793 0.19166666666666668 0.28879310344827586
2 0.3076388888888889 0.8502155172413793 0.1986111111111111 0.2952586206896552
2 0.38125 0.6400862068965517 0.18472222222222223 0.2801724137931034
2 0.33402777777777776 0.13577586206896552 0.20416666666666666 0.27155172413793105
2 0.3388888888888889 0.4073275862068966 0.18611111111111112 0.28879310344827586
2 0.4888888888888889 0.8663793103448276 0.17222222222222222 0.2629310344827586
2 0.4965277777777778 0.615301724137931 0.1375 0.23922413793103448
2 0.6715277777777777 0.8599137931034483 0.19305555555555556 0.27586206896551724
2 0.47152777777777777 0.1713362068965517 0.15138888888888888 0.28663793103448276
2 0.5486111111111112 0.3739224137931034 0.175 0.26939655172413796
2 0.6333333333333333 0.13685344827586207 0.2 0.27370689655172414
2 0.64375 0.5894396551724138 0.19027777777777777 0.29094827586206895
2 0.8451388888888889 0.8566810344827587 0.18472222222222223 0.2823275862068966
2 0.8430555555555556 0.1476293103448276 0.20277777777777778 0.2952586206896552
2 0.7263888888888889 0.36530172413793105 0.18055555555555555 0.27801724137931033
2 0.8472222222222222 0.5754310344827587 0.19166666666666668 0.27586206896551724